T   a   b   l   e   :   1   -   1   
   
4.22   13.09   0.45   3.35   11.37   10.84   10.94   
4.91   13.35   1.79   3.26   13.29   12.66   12.77   
1.67   16.68   1.76   13.22   14.32   2.47   2.4   
T   a   b   l   e   :   1   -   2   
   
4.57   5.65   5.29   2.8   1.28   3.44   2.55   2.62   2.55   2.7   2.66   
14.18   4.49   2.64   1.4   13.22   1.28   1.28   1.31   5.38   5.05   5.24   
4.49   4.47   2.65   1.4   1.28   1.28   1.28   1.31   5.37   5.05   5.23   
T   a   b   l   e   :   1   -   3   
   
2.45   10.13   1.51   0.89   1.28   3.19   0.85   0.87   9.08   8.68   8.66   
1.35   2.7   90.64   -0.16   1.3   2.6   85.55   -28.76   2.67   168.23   37.82   
1.89   1.34   1.32   0.86   1.29   0.94   0.86   0.85   10.13   1.51   0.89   
1.28   2.57   85.73   -25.29   1.28   2.55   82.73   -38.35   2.7   90.64   -0.16   
