T   a   b   l   e   :   1   -   1   
   
4.125397   12.873075   1.795499   3.308621   10.964349   10.845103   10.354885   
3.386543   13.302104   0.366796   3.244827   12.866632   12.686167   12.188842   
1.645989   1.210758   0.862848   -0.700120   1.297897   1.809127   1.364784   
T   a   b   l   e   :   1   -   2   
   
4.621719   4.295830   3.207717   3.817055   0.909793   1.407138   0.983804   1.911073   0.981247   1.005278   1.176394   
2.714021   4.501314   1.600256   1.900933   -0.699456   1.268836   0.491785   0.953304   5.395453   5.166702   5.149442   
4.501314   4.476777   1.607473   1.916123   1.268836   1.265346   0.492020   0.957770   5.385296   5.162724   5.145167   
T   a   b   l   e   :   1   -   3   
   
1.407842   9.916873   0.831111   0.961817   0.491536   2.431811   0.357772   0.580086   8.630734   8.613258   8.288364   
1.625098   3.188985   54.659370   149.228549   0.870242   1.727192   33.424934   -122.684260   1.180811   114.731232   161.728007   
0.783679   0.880283   0.579704   0.646843   0.491094   0.366781   0.357798   0.433385   9.916873   0.831111   0.961817   
0.865792   1.710244   32.769578   -48.732903   0.590731   1.178866   6.360683   -121.883019   3.188985   54.659370   149.228549   
